  plus kinetic    874.60   870.87   827.67    -0.55     0.78     2.98 857.71
  plus kinetic    878.41   876.30   834.64     2.02     0.96     2.89 863.12
  plus kinetic    876.44   872.44   829.03     1.48    -1.06     1.28 859.30
  plus kinetic    881.48   873.93   830.76     2.74    -1.75     0.09 862.06
  plus kinetic    879.99   872.77   830.15     1.73    -0.46    -0.38 860.97
  plus kinetic    879.22   869.51   829.70    -0.45    -2.15    -1.31 859.48
  plus kinetic    880.74   874.37   832.27    -0.75    -1.97    -0.46 862.46
  plus kinetic    877.18   876.87   834.67    -0.86    -1.22    -0.81 862.91
  plus kinetic    872.58   881.08   835.66    -1.15    -0.90     0.88 863.11
  plus kinetic    871.79   880.49   830.80    -1.22     0.62     2.52 861.03
  plus kinetic    874.53   876.37   825.73    -1.30     0.46    -0.36 858.88
  plus kinetic    876.90   878.54   828.61    -0.28    -1.31    -1.01 861.35
  plus kinetic    878.56   879.14   826.86     0.00     0.12    -1.21 861.52
  plus kinetic    876.66   876.49   827.53    -2.38     0.34    -0.98 860.23
  plus kinetic    879.77   877.72   831.42    -3.10    -3.32    -1.29 862.97
  plus kinetic    876.89   874.28   830.30    -4.23    -3.55    -1.44 860.49
  plus kinetic    877.60   873.94   831.18    -1.66    -2.28    -1.69 860.91
  plus kinetic    877.73   875.52   831.18     1.30    -4.35    -0.79 861.48
  plus kinetic    877.53   872.99   833.01     1.28    -1.76    -1.96 861.18
  plus kinetic    878.91   873.62   833.51     1.11     0.07    -2.74 862.01
  plus kinetic    876.95   874.57   828.84     1.48     1.59    -1.36 860.12
  plus kinetic    878.76   876.09   829.39     2.53     0.84    -2.19 861.41
  plus kinetic    881.23   874.83   828.19     3.02     0.25    -1.71 861.42
  plus kinetic    879.10   872.82   828.90     2.28     2.14     1.54 860.27
  plus kinetic    878.86   871.39   831.43     0.53     4.06     1.05 860.56
  plus kinetic    878.90   873.48   830.36    -0.99     0.62     0.26 860.91
  plus kinetic    875.22   878.24   830.07    -2.04    -2.75    -0.95 861.18
  plus kinetic    875.49   880.42   830.01    -0.46    -0.37    -1.10 861.97
  plus kinetic    874.02   880.88   829.02     0.61     0.94    -1.10 861.31
  plus kinetic    874.02   880.66   830.08    -1.37     0.98    -2.14 861.59
  plus kinetic    874.35   878.95   831.49    -1.15    -0.45    -2.13 861.60
  plus kinetic    872.66   876.14   832.81    -0.48    -0.09    -2.24 860.54
  plus kinetic    872.30   877.26   832.67    -0.90     1.24    -2.56 860.74
  plus kinetic    875.25   877.62   831.97     0.14     0.33    -0.26 861.61
  plus kinetic    878.04   878.74   830.32    -0.31    -0.17    -0.56 862.37
  plus kinetic    878.17   877.99   828.35     0.99     0.59    -1.72 861.50
  plus kinetic    878.39   877.03   827.77     1.36     0.27    -2.07 861.06
  plus kinetic    876.65   876.78   830.66     1.41     0.30    -1.09 861.36
  plus kinetic    874.58   874.00   831.60    -0.15    -0.26    -0.88 860.06
  plus kinetic    877.72   874.62   830.64    -1.55    -1.70    -0.47 860.99
  plus kinetic    877.13   876.04   829.11    -0.79    -1.52     0.34 860.76
  plus kinetic    877.45   878.79   831.02    -0.51    -1.37    -0.36 862.42
  plus kinetic    878.06   875.54   828.73    -0.77     0.65    -1.13 860.78
  plus kinetic    876.95   875.21   830.43    -0.34     0.52    -0.20 860.86
  plus kinetic    877.79   876.99   832.21    -1.88     1.03     0.35 862.33
  plus kinetic    881.40   872.11   831.23    -0.92     1.02    -0.99 861.58
  plus kinetic    880.75   870.59   831.02    -0.25    -0.38     1.00 860.79
  plus kinetic    876.51   874.45   831.07     2.90    -0.37     2.41 860.68
  plus kinetic    872.69   875.28   832.76     2.93     2.19    -0.44 860.24
  plus kinetic    868.46   874.04   834.43     0.91     1.49     0.69 858.98
  plus kinetic    871.13   875.66   835.79    -1.25     1.14     1.30 860.86
  plus kinetic    871.64   877.49   833.06    -1.56     1.76     0.82 860.73
  plus kinetic    875.79   877.46   832.84    -2.45     0.95    -0.15 862.03
  plus kinetic    876.46   878.35   831.71    -3.26     1.20    -1.05 862.17
  plus kinetic    877.37   876.77   829.33    -2.92     1.36    -0.03 861.16
  plus kinetic    877.54   876.45   828.67    -2.80     1.18    -1.92 860.89
  plus kinetic    876.24   877.87   829.34    -2.76     1.50    -1.17 861.15
  plus kinetic    875.78   878.79   831.52    -2.72     1.15     1.90 862.03
  plus kinetic    873.64   878.96   831.67    -2.04     1.99     1.26 861.42
  plus kinetic    874.20   879.40   830.64    -0.55     1.68    -1.17 861.41
  plus kinetic    875.67   879.71   829.69    -1.79    -0.87     0.43 861.69
  plus kinetic    873.64   877.21   828.53    -1.33    -0.94     1.19 859.79
  plus kinetic    875.75   877.16   825.91    -1.60    -1.19    -0.79 859.61
  plus kinetic    876.79   878.35   826.20     0.53    -0.82    -0.01 860.45
  plus kinetic    875.25   877.55   829.14     0.50     0.42     1.22 860.65
  plus kinetic    877.48   877.16   829.69     0.81     1.42     1.60 861.44
  plus kinetic    877.89   878.01   831.49    -1.08     0.67     1.94 862.46
  plus kinetic    877.85   876.25   834.35    -2.58     0.75     1.93 862.82
  plus kinetic    877.70   873.11   833.44    -2.90     2.23     1.10 861.42
  plus kinetic    879.16   876.59   832.90    -1.30     1.30    -0.59 862.88
  plus kinetic    877.30   875.39   828.79    -0.02    -3.01    -0.24 860.49
  plus kinetic    878.84   874.70   825.60     0.93    -1.73     1.70 859.71
  plus kinetic    877.42   877.16   826.05    -0.11    -0.27     1.52 860.21
  plus kinetic    876.21   879.30   828.88    -0.39     0.21     0.99 861.46
  plus kinetic    876.53   878.33   829.71     0.48     0.59    -0.08 861.52
  plus kinetic    873.80   878.26   828.37     0.41     0.17    -0.90 860.14
  plus kinetic    876.56   881.08   830.97     1.38    -0.65    -2.20 862.87
  plus kinetic    877.30   877.40   831.23     0.03     0.18    -0.59 861.98
  plus kinetic    878.72   875.01   828.92    -1.78     1.06     0.47 860.88
  plus kinetic    878.12   874.76   827.81    -1.37     0.82     0.85 860.23
  plus kinetic    876.10   875.81   832.70     0.04     1.72     0.24 861.54
  plus kinetic    875.62   873.78   831.81    -0.18     1.03    -1.03 860.40
  plus kinetic    878.84   872.95   830.32    -0.13    -1.71    -1.19 860.70
  plus kinetic    879.89   873.86   829.78    -1.34    -0.71     0.31 861.18
  plus kinetic    878.80   873.63   830.95    -1.83     2.01    -0.92 861.13
  plus kinetic    876.37   874.63   831.31    -0.53     1.83    -1.59 860.77
  plus kinetic    876.79   878.83   831.41    -0.42    -0.46    -1.76 862.34
  plus kinetic    876.90   876.54   830.49    -0.18     0.46     0.19 861.31
  plus kinetic    877.08   874.53   829.45     0.95     1.69     0.85 860.35
  plus kinetic    876.79   875.85   828.49     0.78    -0.33    -1.90 860.38
  plus kinetic    875.26   877.92   828.46     2.35    -0.33    -0.78 860.55
  plus kinetic    875.11   880.35   828.75     3.63     0.71    -0.75 861.40
  plus kinetic    873.55   882.42   830.19     2.25    -1.10    -0.05 862.05
  plus kinetic    872.44   880.95   832.37     0.70    -1.51     0.57 861.92
  plus kinetic    874.84   880.14   831.05    -0.54    -0.41     0.52 862.01
  plus kinetic    877.05   879.86   830.83    -0.17     0.90    -0.37 862.58
  plus kinetic    875.15   876.87   828.19     0.67     0.27     0.18 860.07
  plus kinetic    874.27   878.98   827.67    -0.94    -0.65     0.27 860.31
  plus kinetic    872.26   879.50   828.12    -1.91    -1.97    -0.83 859.96
  plus kinetic    874.88   878.44   829.59    -0.17    -1.95    -1.21 860.97
  plus kinetic    875.20   880.54   830.62     0.38     0.39    -1.38 862.12
  plus kinetic    875.84   877.42   832.93     0.36     1.73    -1.16 862.06
  plus kinetic    875.64   876.26   832.52     0.32     1.34    -0.38 861.47
  plus kinetic    875.09   877.65   832.85     0.65     1.06    -0.48 861.86
  plus kinetic    873.76   879.80   832.51     0.43    -0.64     0.10 862.02
  plus kinetic    872.51   877.37   830.28    -0.91    -1.30     1.96 860.05
  plus kinetic    876.21   878.28   827.93    -2.19     1.12     0.84 860.81
  plus kinetic    873.65   879.35   828.02    -1.56     1.47    -0.45 860.34
  plus kinetic    872.82   878.72   829.02    -1.43    -0.95    -1.14 860.19
  plus kinetic    874.79   879.04   825.60    -2.16    -0.96    -2.90 859.81
  plus kinetic    873.42   877.16   825.68    -0.75    -1.30    -2.38 858.75
  plus kinetic    874.66   877.28   827.98     0.42     0.03    -2.25 859.97
  plus kinetic    878.02   878.04   829.08    -2.62     2.30    -4.27 861.71
  plus kinetic    877.00   879.97   829.83    -2.61     1.17    -5.14 862.27
  plus kinetic    875.05   879.77   828.81    -2.13    -1.06    -2.78 861.21
  plus kinetic    876.54   878.33   827.66    -1.97     0.41     0.30 860.84
  plus kinetic    879.01   875.63   825.50    -2.71     0.58    -0.79 860.05
  plus kinetic    879.41   877.38   827.35    -2.12    -1.26    -1.14 861.38
  plus kinetic    879.12   877.04   829.71    -0.16    -1.38    -0.18 861.96
  plus kinetic    878.98   874.61   830.84     0.17    -2.27    -0.16 861.48
  plus kinetic    879.41   875.09   831.26    -1.54    -0.96    -1.26 861.92
  plus kinetic    879.64   874.35   830.83    -2.32    -1.09    -0.28 861.61
  plus kinetic    879.53   877.14   831.67    -2.40    -0.37     1.82 862.78
  plus kinetic    877.69   877.75   829.31    -4.09     0.28     2.84 861.58
  plus kinetic    876.59   878.99   828.87    -4.68    -0.54     3.05 861.48
  plus kinetic    877.58   878.33   827.68    -3.32    -0.05     1.66 861.20
  plus kinetic    877.63   878.24   825.77    -2.69     0.99     0.82 860.55
  plus kinetic    877.06   879.31   827.50    -0.98    -0.89     0.83 861.29
  plus kinetic    875.03   879.65   830.16     0.78    -0.35    -0.91 861.61
  plus kinetic    870.41   879.30   833.47     1.63    -0.25    -3.49 861.06
  plus kinetic    869.19   879.82   833.10     1.31    -0.78    -1.55 860.70
  plus kinetic    870.13   878.26   832.19     1.12     0.47    -1.32 860.19
  plus kinetic    867.04   877.44   831.90     0.52     1.36    -0.41 858.79
  plus kinetic    869.11   881.32   832.55     1.22     2.73     1.06 860.99
  plus kinetic    874.89   882.01   832.71     1.03     2.26     0.90 863.20
  plus kinetic    877.08   878.39   831.20     1.31     0.13    -1.89 862.22
  plus kinetic    876.99   875.50   831.47    -1.35    -0.38    -2.02 861.32
  plus kinetic    876.68   871.71   828.90    -1.30     0.46    -1.18 859.10
  plus kinetic    879.58   872.45   829.31    -2.05    -0.85    -1.40 860.45
  plus kinetic    876.73   875.84   832.11    -1.41    -1.64    -1.56 861.56
  plus kinetic    876.05   877.67   832.09    -1.38    -0.21    -1.41 861.94
  plus kinetic    876.47   876.44   834.25    -2.67     1.19     0.33 862.39
  plus kinetic    878.47   876.36   832.98     0.67     2.36     0.83 862.60
  plus kinetic    875.88   876.50   830.93     1.61     2.99     1.99 861.10
  plus kinetic    876.97   874.18   832.92    -0.11     3.13     1.62 861.36
  plus kinetic    879.08   874.11   831.71     0.30     1.98     1.14 861.63
  plus kinetic    879.11   877.46   829.57     2.10     0.82    -0.23 862.05
  plus kinetic    878.70   874.16   828.37     2.41    -0.08    -0.20 860.41
  plus kinetic    877.60   875.24   830.23     0.89     0.63     0.15 861.02
  plus kinetic    875.57   877.04   829.74     0.42     1.37     0.02 860.78
  plus kinetic    873.75   877.12   828.27     1.16     1.22     0.05 859.71
  plus kinetic    874.63   878.65   830.45     0.82     1.13     0.46 861.24
  plus kinetic    874.77   875.17   834.49     1.15    -1.41    -1.99 861.48
  plus kinetic    874.62   873.97   833.44    -0.26    -2.46    -2.67 860.68
  plus kinetic    873.05   877.92   831.82     0.12    -2.43    -1.64 860.93
  plus kinetic    872.80   879.71   831.95     0.79    -2.12    -2.79 861.49
  plus kinetic    874.99   879.38   830.96     2.52    -0.59    -2.31 861.78
  plus kinetic    875.14   879.03   827.79     2.07     0.14    -0.55 860.65
  plus kinetic    877.92   879.30   828.42     1.07    -1.89     0.98 861.88
  plus kinetic    877.53   879.09   831.26     1.80    -2.26     1.82 862.63
  plus kinetic    878.82   876.22   829.67     1.04    -0.67     2.04 861.57
  plus kinetic    878.71   872.30   827.29    -0.05    -0.31     0.79 859.43
  plus kinetic    877.47   871.80   827.91    -0.23    -1.59     1.21 859.06
  plus kinetic    878.46   874.44   829.12    -1.35    -1.45     0.99 860.67
  plus kinetic    879.20   876.26   828.25    -0.43     0.71     0.74 861.24
  plus kinetic    878.95   875.81   829.77     1.18     1.31     0.84 861.51
  plus kinetic    877.61   875.04   830.27     2.19     1.11     0.83 860.97
  plus kinetic    878.39   875.96   832.22     2.04    -2.42     1.25 862.19
  plus kinetic    876.17   876.31   831.76     0.21    -3.40    -0.44 861.41
  plus kinetic    871.59   878.09   831.03     1.73    -0.38    -0.39 860.24
  plus kinetic    871.82   881.12   834.42     2.09    -1.11    -1.34 862.45
  plus kinetic    873.41   880.00   834.80     0.40    -2.13    -2.20 862.74
  plus kinetic    873.18   879.91   830.88     0.99     0.73    -0.22 861.32
  plus kinetic    875.11   879.00   831.62     0.01    -0.21    -1.56 861.91
  plus kinetic    878.79   876.34   831.73    -2.03    -1.33    -1.29 862.29
  plus kinetic    881.17   874.17   829.41    -3.48    -1.30    -1.58 861.58
  plus kinetic    881.58   872.25   829.15    -2.18    -1.22    -2.84 860.99
  plus kinetic    882.64   869.84   831.02     0.54    -2.65    -2.04 861.17
  plus kinetic    880.74   869.59   833.46     0.70    -2.31    -0.70 861.26
  plus kinetic    877.75   870.92   831.68     0.22     1.93    -1.32 860.12
  plus kinetic    875.97   872.90   829.64     0.99     1.39    -1.55 859.50
  plus kinetic    876.59   874.62   831.25     0.43    -1.06    -1.57 860.82
  plus kinetic    877.06   874.99   832.07     0.54    -2.19    -2.65 861.37
  plus kinetic    877.33   875.15   830.87    -0.53    -1.02    -2.87 861.12
  plus kinetic    878.04   876.30   831.53    -0.63    -0.82    -1.90 861.96
  plus kinetic    878.52   875.47   829.67     1.32     0.05    -0.82 861.22
  plus kinetic    875.39   875.30   829.56     0.71     0.94     1.10 860.08
  plus kinetic    874.66   878.67   830.80     0.91     0.19    -0.27 861.38
  plus kinetic    875.21   876.36   831.70     0.65     1.51    -1.08 861.09
  plus kinetic    875.76   875.06   832.03     0.37     0.92    -1.03 860.95
  plus kinetic    876.59   873.69   832.31     1.96    -1.32    -1.28 860.86
  plus kinetic    877.77   874.28   831.10     0.15    -2.15    -0.76 861.05
  plus kinetic    879.64   874.89   831.99    -1.03    -0.59     1.04 862.17
  plus kinetic    879.56   873.45   830.58    -0.52    -0.03     1.59 861.20
  plus kinetic    878.36   875.30   830.78    -0.47     0.17     0.34 861.48
  plus kinetic    876.22   877.69   829.33     0.29     1.26     0.19 861.08
  plus kinetic    877.72   879.24   829.18     1.56     1.79    -0.21 862.05
  plus kinetic    876.94   876.65   832.64     0.91     1.60    -1.49 862.08
  plus kinetic    874.18   874.07   833.01     0.34     1.78    -0.62 860.42
  plus kinetic    871.78   877.24   830.73     1.16     1.94     0.72 859.92
  plus kinetic    873.22   878.37   832.79     2.52     1.49     0.62 861.46
  plus kinetic    875.67   876.59   832.33     1.30     1.40     0.62 861.53
  plus kinetic    875.56   879.34   827.45     1.78     1.41    -0.18 860.78
  plus kinetic    875.64   878.52   825.70     1.69    -0.96    -0.92 859.95
  plus kinetic    874.38   877.16   829.76     1.42    -0.33    -0.39 860.43
  plus kinetic    874.74   875.79   834.55     1.00     0.25     0.63 861.69
  plus kinetic    875.41   874.47   831.32    -1.08     0.66    -0.37 860.40
  plus kinetic    878.04   874.72   832.32    -3.15    -1.00     0.34 861.69
  plus kinetic    878.14   873.86   834.61    -4.03    -1.70    -0.36 862.20
  plus kinetic    878.03   871.02   833.58    -5.34    -0.33    -0.34 860.88
  plus kinetic    879.30   872.89   831.32    -5.09    -0.46     2.91 861.17
  plus kinetic    880.49   874.01   829.41    -1.27     0.16     1.78 861.30
  plus kinetic    879.01   875.24   827.01    -0.61     1.79     1.08 860.42
  plus kinetic    877.73   877.01   827.76    -2.76     1.28     1.01 860.83
  plus kinetic    876.68   875.27   829.52    -1.32     1.46     0.72 860.49
  plus kinetic    877.75   876.91   831.54    -1.32     1.44     2.08 862.07
  plus kinetic    874.37   877.06   831.17    -3.85     0.11     1.05 860.87
  plus kinetic    873.04   876.38   831.47    -3.97    -0.87    -0.26 860.30
  plus kinetic    874.36   877.51   833.66    -2.96    -1.30     0.19 861.84
  plus kinetic    876.66   876.47   832.91    -1.50    -1.23     0.38 862.01
  plus kinetic    877.37   875.71   831.19     1.22    -0.44     1.06 861.42
  plus kinetic    877.64   877.36   829.21     0.97    -2.28     1.13 861.40
  plus kinetic    877.87   875.48   829.09     0.88    -3.72     1.20 860.81
  plus kinetic    880.93   873.29   830.72     2.29    -1.32     0.62 861.65
  plus kinetic    882.86   871.73   831.92     1.95     0.02    -0.08 862.17
  plus kinetic    880.57   874.34   831.17     0.73    -1.77     1.05 862.03
  plus kinetic    879.59   874.73   829.48     1.33    -2.39     2.01 861.27
  plus kinetic    879.35   873.93   828.43     1.03    -1.92     0.69 860.57
  plus kinetic    878.96   874.57   828.62    -1.23    -0.04     0.73 860.72
  plus kinetic    880.14   874.56   827.24    -1.81     1.66     0.75 860.65
  plus kinetic    878.29   875.40   829.47    -0.70     2.51    -0.05 861.05
  plus kinetic    879.38   875.32   829.64     1.91     1.57    -1.32 861.45
  plus kinetic    880.77   876.53   830.29     2.30    -0.03    -0.70 862.53
  plus kinetic    879.61   876.35   827.45     1.67    -0.51    -0.84 861.14
  plus kinetic    878.29   878.69   826.56     0.98    -0.39     0.15 861.18
  plus kinetic    872.27   880.05   829.04     1.25     1.31    -0.77 860.45
  plus kinetic    872.60   881.92   830.61     1.74     0.89    -1.30 861.71
  plus kinetic    874.14   878.35   830.40     0.33    -0.60    -1.53 860.96
  plus kinetic    873.14   877.47   830.97    -1.32    -0.24    -1.59 860.53
  plus kinetic    873.34   877.93   829.05    -1.12     1.13     1.83 860.11
  plus kinetic    876.72   875.33   831.94    -0.41     1.72     1.62 861.33
  plus kinetic    877.99   873.95   832.30     1.36     2.34    -0.49 861.41
  plus kinetic    878.93   875.29   830.41    -0.71     2.58     1.14 861.54
  plus kinetic    874.85   879.34   833.70    -1.77     0.47     2.75 862.63
  plus kinetic    873.85   879.38   831.45    -0.96     0.16     1.84 861.56
  plus kinetic    876.01   876.44   829.00    -0.54    -0.43     0.82 860.48
  plus kinetic    876.79   876.68   829.05    -0.26    -0.92     0.55 860.84
  plus kinetic    875.72   876.53   827.95    -0.86    -0.10    -0.19 860.07
  plus kinetic    874.11   879.25   828.65    -1.32    -0.16    -0.91 860.67
  plus kinetic    871.91   878.30   830.46    -0.79    -0.74    -0.99 860.22
  plus kinetic    873.12   876.71   833.43     0.46     0.06    -1.33 861.09
  plus kinetic    877.21   876.12   834.66    -0.11    -0.14    -0.27 862.66
  plus kinetic    875.77   876.95   831.54     0.41    -0.98     0.40 861.42
  plus kinetic    874.26   879.12   833.60     2.11    -1.86     1.36 862.33
  plus kinetic    871.29   877.30   833.52     1.18    -2.78     1.37 860.70
  plus kinetic    873.20   880.67   832.99     2.43    -1.51     1.23 862.29
  plus kinetic    870.72   881.31   831.40     3.82     0.88     2.22 861.14
  plus kinetic    871.32   882.89   830.09     1.21     1.54     0.96 861.43
  plus kinetic    874.57   880.40   829.89    -0.61     0.45    -0.22 861.62
  plus kinetic    873.13   878.14   830.25    -1.85    -1.92     1.67 860.51
  plus kinetic    874.50   875.41   833.16    -1.91    -2.20     2.53 861.02
  plus kinetic    875.59   874.28   835.07    -1.53     1.52     2.71 861.65
  plus kinetic    875.43   876.57   831.83    -1.85     2.36     1.16 861.28
  plus kinetic    874.10   878.63   830.73    -0.74     1.77     0.69 861.15
  plus kinetic    872.40   881.13   833.35    -0.02    -0.36     0.96 862.29
  plus kinetic    874.38   882.20   832.00     1.31    -1.06     1.40 862.86
  plus kinetic    874.28   880.47   829.09     0.51     1.14     1.60 861.28
  plus kinetic    872.19   878.85   829.60    -0.23     3.35     1.37 860.21
  plus kinetic    875.06   879.93   830.29    -1.26     3.87     1.35 861.76
  plus kinetic    875.39   876.73   829.90    -0.74     1.21     1.53 860.67
  plus kinetic    875.69   876.55   829.95    -1.03    -0.25    -0.08 860.73
  plus kinetic    875.99   879.87   828.94     0.56    -0.76     0.40 861.60
  plus kinetic    875.02   881.35   828.37    -0.24     0.76    -0.70 861.58
  plus kinetic    873.68   880.94   829.53    -0.35     2.34    -1.09 861.38
  plus kinetic    875.60   876.08   832.18     0.88     1.13    -0.04 861.29
  plus kinetic    877.52   876.64   832.20     2.08     0.11    -0.05 862.12
  plus kinetic    874.88   878.34   831.60     0.15    -3.74    -0.04 861.61
  plus kinetic    873.79   876.45   831.99     0.21    -4.73     0.30 860.74
  plus kinetic    873.90   877.41   831.53     1.00    -2.17     0.17 860.95
  plus kinetic    875.63   879.66   830.04    -1.00    -0.51    -0.75 861.78
  plus kinetic    873.74   876.24   827.69     1.00     3.07    -0.75 859.22
  plus kinetic    877.44   875.91   830.09     1.05     4.50     0.11 861.15
  plus kinetic    878.46   876.39   831.96     0.47     1.77     0.93 862.27
  plus kinetic    876.88   874.70   831.34    -1.57    -0.86     0.58 860.97
  plus kinetic    875.23   877.34   831.18    -2.23    -2.36     1.18 861.25
  plus kinetic    878.33   877.81   828.69    -1.40    -1.06    -1.27 861.61
  plus kinetic    878.32   877.10   829.42    -1.00     2.06    -1.40 861.61
  plus kinetic    875.39   877.74   830.30     1.07     2.58    -0.29 861.14
  plus kinetic    875.24   881.00   830.74     0.54    -0.56    -0.20 862.33
  plus kinetic    876.17   878.32   830.57     1.42    -1.10     0.24 861.69
  plus kinetic    874.08   877.12   828.62     1.52    -0.51    -0.49 859.94
  plus kinetic    876.98   879.31   828.39     0.96    -0.97    -0.64 861.56
  plus kinetic    878.68   877.93   829.94     0.10     0.96    -0.72 862.18
  plus kinetic    879.64   877.55   832.83     1.09     2.37    -0.65 863.34
  plus kinetic    876.99   876.06   830.28    -0.98     1.12    -0.34 861.11
  plus kinetic    879.48   874.67   829.44    -3.45    -0.31    -1.82 861.20
  plus kinetic    881.04   876.16   827.40    -3.98    -1.49    -1.07 861.53
  plus kinetic    882.39   873.98   825.98    -0.63    -1.07    -0.98 860.78
  plus kinetic    880.57   870.60   830.29     0.27    -1.12    -0.63 860.49
  plus kinetic    883.34   871.86   832.22    -0.70    -1.28    -0.08 862.47
  plus kinetic    880.72   872.50   830.22    -0.93    -2.04    -1.43 861.15
  plus kinetic    877.96   874.42   831.53    -0.12    -1.42    -0.08 861.30
  plus kinetic    877.73   876.45   829.29     1.32    -0.23     0.60 861.16
  plus kinetic    877.98   877.63   830.07     2.64    -0.04    -0.75 861.89
  plus kinetic    878.35   875.61   830.07     1.47    -0.69    -0.19 861.34
  plus kinetic    876.06   875.33   830.29     3.60    -1.19    -0.72 860.56
  plus kinetic    875.35   878.65   829.76     3.39    -0.30     0.52 861.25
  plus kinetic    874.77   877.77   829.04     3.17    -0.59     2.05 860.53
  plus kinetic    872.87   876.37   834.36     3.03    -1.59     0.68 861.20
  plus kinetic    874.18   875.03   836.95     0.25     0.21    -2.48 862.05
  plus kinetic    875.65   876.10   834.03    -1.72     0.23    -0.60 861.93
  plus kinetic    875.24   877.35   833.96    -0.51     1.00    -0.53 862.18
  plus kinetic    874.03   877.94   832.96     0.43     1.88    -0.46 861.64
  plus kinetic    872.77   875.37   832.35    -0.18     1.89     1.45 860.16
  plus kinetic    874.17   876.88   830.08    -0.67     0.62     1.77 860.38
  plus kinetic    875.57   875.57   827.69    -0.90    -0.40     0.31 859.61
  plus kinetic    876.48   874.24   832.09    -0.91    -0.14    -1.94 860.94
  plus kinetic    877.28   876.15   836.97     0.23     0.30    -1.51 863.47
  plus kinetic    873.52   875.13   835.01     1.51     0.10    -1.70 861.22
  plus kinetic    871.45   877.79   830.92     2.54     0.10    -2.23 860.05
  plus kinetic    875.11   877.79   828.42     1.05     2.43    -1.09 860.44
  plus kinetic    876.68   879.20   829.34    -0.19     2.64    -0.25 861.74
  plus kinetic    875.84   881.63   828.75    -0.30     1.00     0.31 862.07
  plus kinetic    874.20   881.54   828.84    -0.48    -1.15    -0.03 861.53
  plus kinetic    875.03   879.48   827.76    -1.78    -2.03    -0.87 860.76
  plus kinetic    876.68   877.68   829.89    -3.09     0.12    -0.94 861.42
  plus kinetic    877.76   877.25   830.23    -5.12     0.86    -1.18 861.75
  plus kinetic    880.08   873.52   829.31    -3.83    -1.28    -2.05 860.97
  plus kinetic    880.53   873.14   829.25    -1.30    -0.87    -2.03 860.97
  plus kinetic    879.25   875.56   830.52    -3.62    -0.70    -1.50 861.78
  plus kinetic    878.87   874.48   830.08    -4.45     0.75    -1.71 861.14
  plus kinetic    879.69   875.95   825.85     0.10     0.25    -2.21 860.50
  plus kinetic    875.76   877.74   826.27     1.57    -0.35    -3.03 859.92
  plus kinetic    876.28   878.03   830.37     2.78     0.43    -2.24 861.56
  plus kinetic    875.28   879.63   832.24     4.55     1.45    -1.12 862.38
  plus kinetic    871.79   881.00   832.66     6.33     1.73     1.41 861.82
  plus kinetic    868.19   879.00   832.51     5.53     2.18     3.27 859.90
  plus kinetic    873.12   879.55   832.37     0.87     2.03     4.89 861.68
  plus kinetic    873.91   879.86   830.69    -1.98     0.72     3.87 861.49
  plus kinetic    876.81   879.01   827.11    -0.40     0.54     0.87 860.98
  plus kinetic    879.71   878.82   828.61     0.37     0.82    -0.15 862.38
  plus kinetic    877.74   878.24   830.17    -0.61    -0.61    -0.62 862.05
  plus kinetic    877.75   877.16   828.05    -2.89    -2.33    -0.88 860.99
  plus kinetic    877.84   877.60   831.66    -2.56    -2.10    -0.56 862.37
  plus kinetic    875.56   876.78   835.44    -0.38    -1.24     0.89 862.59
  plus kinetic    872.30   877.42   830.46    -0.09    -0.54     3.35 860.06
  plus kinetic    871.64   880.74   829.74    -1.06     0.06     3.18 860.71
  plus kinetic    867.79   879.58   831.53    -0.07     1.57     1.39 859.63
  plus kinetic    869.53   880.51   832.89    -0.24     2.63     0.73 860.98
  plus kinetic    871.96   878.92   831.95     0.14     3.47    -0.47 860.94
  plus kinetic    873.47   879.44   831.70     1.04     3.37    -2.47 861.54
  plus kinetic    871.83   876.67   832.02     0.58     0.77    -2.32 860.17
  plus kinetic    875.46   876.23   832.84    -0.18    -0.84    -0.62 861.51
  plus kinetic    874.93   875.35   834.75    -1.31    -1.52     0.36 861.68
  plus kinetic    874.76   875.64   837.81    -1.83    -0.64    -0.21 862.74
  plus kinetic    874.91   875.59   837.54    -0.38     1.08     0.36 862.68
  plus kinetic    876.79   872.13   834.00     2.85     1.34     0.66 860.97
  plus kinetic    880.11   871.43   833.29     1.05     0.75    -0.29 861.61
  plus kinetic    878.80   871.68   832.68     0.31     1.39     0.04 861.05
  plus kinetic    879.52   872.53   830.05    -0.40    -0.28     1.76 860.70
  plus kinetic    880.30   876.39   830.17    -3.03    -1.00     1.57 862.29
  plus kinetic    877.83   876.02   826.31    -0.98    -0.47     0.15 860.05
  plus kinetic    878.75   875.17   826.90    -1.14     0.82     0.22 860.27
  plus kinetic    878.41   877.85   832.22    -2.75     1.50    -0.77 862.83
  plus kinetic    875.53   878.89   830.78    -2.01     0.94    -1.02 861.73
  plus kinetic    873.53   881.00   829.60    -1.56     0.64     0.05 861.38
  plus kinetic    872.92   882.21   829.43    -0.65     1.80     0.25 861.52
  plus kinetic    873.87   881.56   828.45     1.93     1.57     1.81 861.29
  plus kinetic    874.28   879.87   829.31     2.74    -0.41     3.23 861.15
  plus kinetic    874.60   876.54   831.62     4.60    -0.76     3.17 860.92
  plus kinetic    876.03   877.12   832.89     2.61     1.08     1.59 862.01
  plus kinetic    876.42   878.17   830.97     2.18    -0.55     0.31 861.85
  plus kinetic    877.82   875.07   831.10     0.68     1.08     0.39 861.33
  plus kinetic    880.50   874.27   830.86    -1.32     1.35     0.36 861.88
  plus kinetic    880.11   874.92   830.64    -2.72     1.07     0.27 861.89
  plus kinetic    876.23   874.43   828.09    -4.61    -0.29     0.05 859.58
  plus kinetic    874.84   875.69   830.40    -3.79     1.32    -0.12 860.31
  plus kinetic    877.29   875.66   829.53    -1.71     2.90    -0.66 860.83
  plus kinetic    877.17   876.94   827.78    -2.98     0.38     0.34 860.63
  plus kinetic    879.43   879.20   829.63    -3.35    -1.67     1.99 862.75
  plus kinetic    878.72   877.05   827.27    -2.04    -0.11     2.01 861.01
  plus kinetic    878.78   878.15   826.29    -2.00     0.55    -0.03 861.07
  plus kinetic    876.42   879.27   828.53    -1.39     0.60     0.54 861.41
  plus kinetic    875.96   878.22   830.97    -0.47    -0.48     0.90 861.72
  plus kinetic    878.30   877.92   830.52     1.29    -0.50     0.31 862.25
  plus kinetic    874.31   877.59   829.72     2.20     1.09     2.15 860.54
  plus kinetic    872.98   877.78   831.04     1.69    -0.75     1.22 860.60
  plus kinetic    876.14   877.62   832.14     3.67    -1.98     0.38 861.97
  plus kinetic    876.01   875.88   830.44     4.10    -3.43    -0.93 860.78
  plus kinetic    876.52   878.80   829.89     2.52    -3.37    -0.02 861.74
  plus kinetic    877.41   880.89   829.09     1.67    -1.54     0.78 862.46
  plus kinetic    878.15   876.98   826.34    -0.34     0.42     0.87 860.49
  plus kinetic    878.15   879.06   824.19    -0.77     3.43     1.36 860.47
  plus kinetic    878.89   880.96   824.60     0.36     1.76    -0.01 861.48
  plus kinetic    875.55   880.30   826.50     0.96    -1.32    -1.57 860.78
  plus kinetic    877.46   879.84   832.02    -0.95    -2.65    -1.22 863.11
  plus kinetic    876.27   877.31   831.24    -2.44    -1.02     1.20 861.61
  plus kinetic    875.03   876.26   832.50    -2.23     0.66    -0.05 861.26
  plus kinetic    874.81   875.34   832.37    -1.73     1.98    -0.71 860.84
  plus kinetic    871.98   877.56   832.79    -1.43     2.15    -1.20 860.78
  plus kinetic    873.12   876.88   833.25     0.83     0.15    -0.20 861.08
  plus kinetic    872.37   877.75   834.19     2.12    -0.65     0.92 861.44
  plus kinetic    871.63   877.54   832.82     1.90     0.86     1.44 860.66
  plus kinetic    873.38   876.00   832.25     3.47     2.13     1.35 860.54
  plus kinetic    876.10   878.45   832.33     1.71     0.36    -1.35 862.29
  plus kinetic    873.18   876.32   832.76    -0.56    -1.30    -2.04 860.75
  plus kinetic    873.21   876.66   834.60     0.34    -0.90    -1.57 861.49
  plus kinetic    873.03   876.69   834.96     1.52    -0.71    -1.81 861.56
  plus kinetic    873.40   877.83   832.02     3.50     0.20    -1.17 861.08
  plus kinetic    873.91   879.91   831.56     1.62     1.51    -0.48 861.79
  plus kinetic    875.90   879.31   833.61     1.18     0.19    -1.54 862.94
  plus kinetic    874.72   876.25   830.41     1.22    -1.18    -2.09 860.46
  plus kinetic    876.21   877.64   831.21     0.42    -0.98     0.06 861.69
  plus kinetic    875.16   874.10   830.63     0.01    -0.59     1.41 859.96
  plus kinetic    875.71   874.84   830.05    -3.08    -0.11     0.48 860.20
  plus kinetic    876.62   874.75   831.14    -3.74     1.71    -1.50 860.84
  plus kinetic    875.67   875.87   831.92    -4.19     4.16    -2.24 861.15
  plus kinetic    874.84   873.87   830.94    -5.01     2.44    -1.55 859.88
  plus kinetic    876.93   870.88   830.93    -2.28    -0.89     0.06 859.58
  plus kinetic    878.84   874.97   831.58    -1.86    -0.24    -0.53 861.80
  plus kinetic    880.24   877.11   829.09    -1.46     0.42    -0.70 862.15
  plus kinetic    878.60   875.71   829.94    -0.54     0.51    -0.32 861.42
  plus kinetic    878.36   876.54   830.39    -1.03     0.28     0.57 861.76
  plus kinetic    876.05   877.26   829.57     0.95     1.33    -0.34 860.96
  plus kinetic    874.66   877.39   830.91     1.69     1.62    -1.14 860.99
  plus kinetic    875.44   876.31   831.06     0.34    -0.42     0.44 860.94
  plus kinetic    877.84   875.87   831.91     1.10    -0.97     0.40 861.87
  plus kinetic    876.23   876.10   831.64     0.82     0.79    -0.74 861.32
  plus kinetic    875.08   878.98   830.70    -1.80     0.39    -1.44 861.59
  plus kinetic    875.04   878.98   828.83    -2.33     2.51    -0.18 860.95
  plus kinetic    873.86   876.60   828.13    -1.07     0.98    -1.06 859.53
  plus kinetic    874.90   877.33   830.91    -0.39    -1.90    -2.56 861.05
  plus kinetic    876.07   873.90   829.83    -0.44    -1.05    -2.06 859.93
  plus kinetic    876.60   872.31   829.34    -2.68    -1.23    -1.32 859.42
  plus kinetic    877.72   872.00   832.29    -2.96    -1.68    -2.64 860.67
  plus kinetic    878.55   873.11   832.47    -1.86    -2.58    -3.03 861.38
  plus kinetic    879.68   872.61   832.00    -0.19    -0.21    -1.50 861.43
  plus kinetic    879.11   873.73   829.70     0.98     0.49    -0.99 860.85
  plus kinetic    875.24   876.74   832.20     2.25    -1.30    -1.92 861.39
  plus kinetic    874.17   876.38   833.90     3.27    -0.66    -0.88 861.48
  plus kinetic    874.33   877.65   831.21     4.12    -1.03     0.86 861.06
  plus kinetic    876.32   879.65   829.70     3.46    -2.21     0.67 861.89
  plus kinetic    875.42   880.28   830.53     0.89    -0.95    -0.06 862.08
  plus kinetic    873.73   880.61   828.72     3.60    -0.74    -0.52 861.02
  plus kinetic    873.83   876.42   830.29     3.55     1.40     0.13 860.18
  plus kinetic    875.13   877.69   832.15     2.63    -0.43    -2.15 861.66
  plus kinetic    874.88   875.58   831.45     2.59    -2.16    -3.14 860.64
  plus kinetic    877.25   874.52   831.64     2.10    -0.54    -1.92 861.14
  plus kinetic    877.93   877.33   833.02     1.09     0.36     0.82 862.76
  plus kinetic    876.17   875.66   829.62    -0.15     0.24     1.58 860.48
  plus kinetic    878.86   875.93   830.99    -2.01    -0.56     0.96 861.93
  plus kinetic    879.00   875.55   831.30    -2.67    -1.07     1.69 861.95
  plus kinetic    878.26   876.16   829.23    -4.58     0.20     1.13 861.22
  plus kinetic    878.05   878.23   827.49    -4.45    -0.72    -0.07 861.26
  plus kinetic    879.31   875.37   827.02    -3.96    -0.78     0.42 860.57
  plus kinetic    881.09   874.85   827.24    -2.52    -0.89     0.44 861.06
  plus kinetic    880.84   875.57   829.05    -0.87    -1.23     2.39 861.82
  plus kinetic    879.14   874.78   828.62     0.67    -0.35     3.12 860.85
  plus kinetic    882.61   874.04   830.79     2.26    -0.48     2.68 862.48
  plus kinetic    877.72   873.95   830.05     2.44    -0.86    -0.45 860.57
  plus kinetic    878.11   877.75   828.80     0.50    -1.08    -0.60 861.55
  plus kinetic    878.28   878.02   828.68    -0.26    -0.92     0.01 861.66
  plus kinetic    878.48   877.82   830.43    -0.23    -0.28     0.98 862.24
  plus kinetic    876.29   877.26   830.64    -1.29    -0.86     1.04 861.40
  plus kinetic    874.93   877.12   830.73    -2.76     0.17     0.14 860.93
  plus kinetic    874.24   877.10   831.47    -2.45     1.32     0.54 860.94
  plus kinetic    874.90   876.75   831.09    -2.27     1.04     0.26 860.91
  plus kinetic    877.03   875.65   831.49    -2.33    -0.78    -1.42 861.39
  plus kinetic    876.70   874.29   833.59    -1.34    -1.93    -0.01 861.53
  plus kinetic    875.12   874.19   830.30     0.18    -1.92     1.27 859.87
  plus kinetic    876.18   875.63   823.84     1.78    -1.30     1.02 858.55
  plus kinetic    876.20   879.44   825.61     2.09     0.24     0.33 860.42
  plus kinetic    873.74   876.56   828.02     1.23    -1.40    -1.14 859.44
  plus kinetic    875.97   877.02   830.93     2.09    -2.28    -1.72 861.31
  plus kinetic    874.58   876.98   833.71     2.51    -1.56    -1.00 861.76
  plus kinetic    873.10   877.03   833.19     2.14    -1.56    -0.21 861.11
  plus kinetic    874.61   877.24   832.64     0.93    -1.92     0.61 861.50
  plus kinetic    876.27   877.99   834.00    -0.67    -2.22    -1.01 862.75
  plus kinetic    873.86   876.71   832.72    -2.94    -2.86    -4.32 861.10
  plus kinetic    875.32   875.92   832.45    -2.94    -1.36    -3.90 861.23
  plus kinetic    875.34   876.70   832.57    -2.08    -1.51    -1.24 861.54
  plus kinetic    875.43   875.53   830.35    -1.42    -1.70    -0.68 860.44
  plus kinetic    876.95   875.85   829.99    -1.84     0.82     0.20 860.93
  plus kinetic    877.88   873.22   829.96    -1.81    -0.83     0.69 860.35
  plus kinetic    879.27   873.43   829.00    -2.22    -1.65     0.47 860.57
  plus kinetic    878.26   875.74   830.47    -1.08    -2.53    -0.70 861.49
  plus kinetic    878.84   874.88   832.47     0.31    -3.54    -0.99 862.06
  plus kinetic    877.64   874.48   833.24     1.60    -1.69    -1.64 861.79
  plus kinetic    876.92   874.25   835.04     3.97    -0.39    -1.47 862.07
  plus kinetic    875.52   874.57   832.64     7.03     1.49     0.36 860.91
  plus kinetic    876.42   877.25   829.60     6.19     2.36     0.90 861.09
  plus kinetic    877.27   876.47   832.01     4.82     0.97     1.57 861.92
  plus kinetic    876.90   877.16   831.13     4.41    -1.49     1.17 861.73
  plus kinetic    875.67   878.65   830.68     1.74    -1.06     1.35 861.67
  plus kinetic    874.06   875.18   832.59    -1.60     0.51     0.60 860.61
  plus kinetic    873.55   874.62   831.99    -2.58     2.31    -2.18 860.05
  plus kinetic    878.28   875.95   832.39    -0.91     0.90    -2.03 862.21
  plus kinetic    879.71   874.26   830.63    -0.22    -0.52    -2.13 861.53
  plus kinetic    877.33   874.78   832.14     1.35     0.26    -3.54 861.42
  plus kinetic    874.77   876.44   830.05     2.92     0.57    -0.85 860.42
Pressure at this stage: 86.12 GPa
